227.5
227.5
245
262.5
367.5
385
490
507.5
507.5
507.5
525
525
612.5
630
647.5
787.5
840
875
892.5
927.5
945
945
962.5
962.5
997.5
1085
1120
1137.5
1172.5
1207.5
1277.5
1295
1312.5
1312.5
1382.5
1400
1470
1470
1470
1487.5
1505
1540
1540
1540
1575
1610
1627.5
1645
1697.5
1697.5
1697.5
1697.5
1697.5
1732.5
1750
1750
1767.5
1767.5
1785
1785
1802.5
1820
1820
1837.5
1855
1890
1890
1890
1907.5
1960
1960
1977.5
1995
2030
2030
2030
2030
2030
2047.5
2065
2082.5
2152.5
2152.5
2187.5
2187.5
2187.5
2205
2240
2257.5
2257.5
2275
2275
2275
2292.5
2310
2327.5
2345
2362.5
2362.5
2397.5
2397.5
2415
2415
2415
2415
2432.5
2450
2450
2467.5
2502.5
2520
2537.5
2537.5
2555
2607.5
2607.5
2625
2660
2660
2660
2677.5
2677.5
2677.5
2747.5
2765
2765
2765
2835
