35
332.5
350
210
437.5
402.5
560
297.5
245
175
332.5
70
35
402.5
245
105
297.5
175
262.5
105
367.5
332.5
350
315
332.5
157.5
437.5
35
262.5
262.5
280
210
105
175
192.5
297.5
297.5
52.5
420
35
752.5
770
770
297.5
17.5
542.5
455
560
87.5
210
157.5
717.5
840
280
525
752.5
157.5
367.5
192.5
105
70
385
472.5
210
665
297.5
87.5
87.5
525
857.5
717.5
175
752.5
857.5
857.5
857.5
927.5
927.5
507.5
910
402.5
927.5
157.5
472.5
945
0
437.5
402.5
245
822.5
910
560
402.5
542.5
665
140
595
227.5
87.5
122.5
17.5
875
875
980
490
892.5
70
910
542.5
927.5
455
297.5
385
945
367.5
752.5
245
140
140
945
350
87.5
1050
245
1155
787.5
945
840
